0 58 126 436 403 276 316 48 157 10 60 329 480 24 178 40 197 214 328 106 251 265 183 189 165 189 83 107 147 379 326 81 266 429 254 138 155 208 133 42 117 127 252 114 377 279 160 274 343 239 234 391 279 59 60 13 249 283 8 399 261 173 105 207 131 294 154 115 483 180 302 384 228 477 177 429 49 301 209 310 232 74 291 245 226 406 160 142 235 187 287 66 296 325 34 80 428 241 196 406 36 
58 0 184 494 461 334 374 58 211 62 20 387 538 82 236 32 255 272 386 152 241 323 193 247 223 247 141 165 157 437 384 139 324 487 312 196 213 266 143 32 175 137 272 172 435 337 218 332 401 249 248 449 269 107 118 71 307 341 58 457 271 217 163 265 189 352 212 125 541 238 360 442 282 535 235 487 65 359 267 368 290 132 349 303 284 464 204 200 245 245 345 76 354 383 70 138 486 285 254 464 42 
126 184 0 310 277 156 190 154 129 122 186 203 354 102 200 166 71 88 202 134 279 139 155 69 77 179 51 75 119 253 200 47 140 303 210 66 29 148 161 152 49 99 224 94 251 153 100 148 217 211 206 265 307 87 66 113 123 157 126 273 233 145 21 81 47 224 28 87 357 84 176 258 200 351 51 303 119 175 83 184 210 68 165 119 178 280 132 140 207 145 207 134 210 199 114 74 302 213 70 280 142 
436 494 310 0 33 160 146 464 283 432 496 121 44 412 258 476 239 222 108 342 261 171 303 247 271 247 353 329 355 57 162 355 170 69 192 298 281 228 351 462 319 371 242 322 59 157 276 162 93 255 246 45 289 387 376 423 187 153 436 37 255 277 331 229 305 206 282 375 47 256 134 52 218 41 259 67 429 135 227 126 204 362 145 191 210 94 290 294 257 249 189 444 192 111 424 356 58 231 240 36 452 
403 461 277 33 0 137 147 431 250 399 463 120 77 379 225 443 206 189 105 309 260 138 270 214 238 214 320 296 322 24 161 322 137 68 191 265 248 195 318 429 286 338 243 289 26 124 243 159 60 230 225 26 288 354 343 390 154 134 403 4 252 244 298 196 272 205 249 342 80 223 111 47 219 74 226 66 396 102 194 93 191 329 112 158 197 93 257 261 226 216 188 411 191 78 391 323 59 232 207 35 419 
276 334 156 160 137 0 284 304 285 272 336 53 204 252 98 316 121 180 242 182 123 161 311 87 111 87 207 231 275 143 50 195 238 153 54 138 179 68 191 302 159 255 380 162 141 129 256 296 155 367 362 115 151 227 216 263 239 271 276 133 389 301 171 99 203 68 150 243 207 240 248 184 356 201 111 153 269 55 209 118 54 202 245 177 334 130 288 134 363 301 51 284 54 59 264 196 196 369 162 130 292 
316 374 190 146 147 284 0 344 163 312 376 267 166 292 328 356 163 104 42 262 407 123 183 197 205 307 233 209 235 141 308 235 50 215 338 194 161 276 289 342 199 251 102 222 143 155 156 42 129 135 126 173 435 267 256 303 67 33 316 151 135 157 211 185 185 352 162 255 171 136 36 100 92 161 173 213 309 229 107 166 338 242 39 107 90 240 170 268 137 129 335 324 338 225 304 236 112 89 122 182 332 
48 58 154 464 431 304 344 0 181 58 38 357 508 52 220 26 225 242 356 154 299 293 161 217 193 217 111 135 109 407 354 109 294 457 282 166 183 236 181 90 145 93 242 142 405 307 188 302 371 209 218 419 327 107 88 41 277 311 56 427 213 187 133 235 159 322 182 89 511 208 330 412 252 505 205 457 35 329 237 338 260 102 319 273 254 434 174 170 207 215 315 20 324 353 82 108 456 255 224 434 84 
157 211 129 460 250 467 191 181 0 167 213 268 327 133 329 193 164 105 175 263 408 124 26 198 206 308 78 54 72 226 309 176 113 276 339 195 106 277 290 199 178 88 95 223 224 156 29 121 190 82 77 238 436 216 177 144 96 130 165 246 104 16 130 186 82 353 135 92 330 45 149 231 71 324 174 276 146 230 76 167 339 197 138 108 73 253 7 269 78 34 336 161 339 226 191 203 275 84 123 253 193 
10 62 196 432 399 272 312 58 167 0 64 325 476 34 174 44 193 210 324 96 241 261 193 185 161 185 89 113 157 375 322 77 262 425 250 134 151 204 123 32 113 137 262 110 373 275 156 270 339 249 244 387 269 49 56 23 245 279 4 395 271 183 101 203 127 290 150 125 479 176 298 380 238 473 173 425 59 297 205 306 228 70 287 241 222 402 170 138 245 183 283 76 292 321 24 76 424 251 192 402 26 
60 20 186 496 463 336 376 38 213 64 0 389 540 84 238 20 257 274 388 154 261 325 193 249 225 249 143 167 141 439 386 141 326 489 314 198 215 268 145 52 177 125 274 174 437 339 220 334 403 241 250 451 289 109 120 73 309 343 60 459 251 219 165 267 191 354 214 121 543 240 362 444 284 537 237 489 67 361 269 370 292 134 351 305 286 466 206 202 239 247 347 56 356 385 72 140 488 287 256 466 46 
329 387 364 121 120 53 267 482 433 325 409 0 151 305 151 369 132 163 225 235 146 144 294 140 164 140 246 222 258 126 41 248 221 100 75 191 174 121 244 355 212 264 363 215 124 112 239 279 138 350 345 94 168 280 269 316 222 254 329 116 372 284 224 122 198 85 175 268 154 223 231 167 339 148 152 100 322 38 192 101 97 255 228 160 317 77 271 187 346 284 68 337 71 42 317 249 179 352 145 85 345 
480 538 354 44 77 204 166 958 327 735 540 151 0 456 302 520 283 266 152 386 297 215 347 291 315 291 397 373 399 101 154 399 214 51 226 342 325 272 395 506 363 415 266 366 103 201 320 206 137 299 290 89 293 431 420 467 231 197 480 81 299 321 375 273 349 186 326 419 5 300 178 96 256 23 303 51 473 179 271 170 248 406 189 235 254 74 334 338 301 293 193 488 184 155 468 400 78 253 284 74 496 
24 82 102 412 379 252 442 52 133 34 94 305 456 0 196 64 173 190 304 130 275 241 159 165 141 175 59 83 123 355 302 57 242 405 230 114 131 184 157 66 93 103 228 90 353 255 136 250 319 215 210 367 303 83 44 11 225 259 32 375 237 149 81 183 107 270 130 91 459 156 278 360 204 453 153 405 25 277 185 286 208 64 267 221 202 382 136 136 211 163 263 42 272 301 58 70 404 217 172 382 60 
178 236 200 258 225 154 328 220 329 174 238 151 302 196 0 218 165 224 286 84 79 205 355 131 123 21 251 275 319 201 148 153 282 251 76 134 223 52 93 204 151 299 424 106 199 173 300 340 199 411 406 213 107 129 152 185 283 315 178 221 433 345 199 143 247 116 194 287 305 284 292 228 400 299 155 251 221 123 253 162 54 132 289 221 378 228 332 60 407 345 109 238 118 147 166 126 250 413 206 228 194 
73 32 166 476 566 316 514 26 193 44 20 369 520 64 348 0 237 254 368 134 273 305 173 229 205 229 123 147 125 419 366 121 306 469 294 178 195 248 155 64 157 105 254 154 417 319 200 314 383 221 230 431 301 89 100 53 289 323 40 439 239 199 145 247 171 334 194 101 523 220 342 424 264 517 217 469 47 341 249 350 272 114 331 285 266 446 186 182 219 227 327 44 336 365 56 120 468 267 236 446 58 
197 255 71 239 206 121 163 447 164 193 257 132 283 173 165 237 0 59 131 103 244 68 190 34 42 144 114 110 154 182 145 116 117 232 175 59 58 113 126 223 80 134 259 83 180 82 135 175 146 246 241 194 272 148 137 184 118 150 197 202 268 180 92 22 82 189 43 136 286 119 127 187 235 280 20 232 190 104 88 113 175 123 124 56 213 209 167 105 242 180 172 205 175 128 185 117 231 248 41 209 213 
214 272 147 222 189 322 104 242 105 210 274 163 268 207 224 254 59 0 114 158 303 51 131 93 101 203 131 107 133 165 204 133 58 215 234 90 59 172 185 240 97 149 200 118 163 65 76 116 129 187 182 177 331 165 154 201 59 91 214 185 209 121 109 81 83 248 60 153 269 60 88 170 176 263 69 215 207 125 29 96 234 140 77 31 154 192 108 164 183 121 231 222 234 121 202 134 214 189 18 192 230 
328 386 202 171 105 242 42 356 175 555 388 225 152 514 286 368 131 114 0 234 365 81 195 155 163 265 245 221 247 99 266 247 62 173 296 190 173 234 247 354 211 263 138 214 101 113 168 54 87 147 138 131 393 279 268 315 79 45 328 109 147 169 223 143 197 310 174 267 155 148 26 58 114 149 151 171 321 187 119 124 296 254 37 83 102 198 182 226 149 141 293 336 296 183 316 248 100 127 132 140 344 
181 152 134 342 309 182 262 154 263 96 154 235 386 130 84 134 103 158 234 0 145 171 289 95 71 95 185 209 253 285 232 87 216 335 160 68 157 114 27 120 85 233 358 40 283 185 234 274 249 345 340 297 173 47 86 119 217 249 98 305 367 279 133 113 181 200 128 221 389 218 226 290 334 383 89 335 155 207 187 216 138 66 223 155 312 312 266 48 341 279 193 172 202 231 82 60 334 347 140 312 110 
251 241 279 261 260 123 726 299 783 269 261 146 562 275 79 273 244 303 365 145 0 284 434 210 202 100 330 354 398 266 143 232 361 246 71 213 302 131 118 209 230 378 503 185 264 252 379 419 278 490 485 234 28 192 231 264 362 394 243 256 512 424 278 222 326 111 273 366 300 363 371 307 479 294 234 246 300 178 332 241 69 211 368 300 457 223 411 139 486 424 104 317 113 182 217 205 319 492 285 225 215 
265 323 161 171 138 161 123 426 124 261 325 272 215 241 205 305 68 51 81 171 284 0 150 76 100 184 182 158 184 114 185 184 77 164 215 127 110 153 180 291 148 200 219 151 112 32 105 135 78 206 201 126 312 216 205 252 78 110 265 134 228 140 160 62 134 229 111 204 218 85 87 119 195 212 88 164 258 106 56 45 215 191 84 20 173 141 127 145 202 140 212 273 215 102 253 185 163 208 69 141 281 
183 193 155 303 270 311 183 161 26 193 193 294 347 159 355 173 190 131 209 289 434 150 0 224 232 334 104 80 52 246 335 202 133 296 365 221 132 303 316 225 204 68 81 249 244 182 55 141 210 56 57 258 462 242 203 170 116 150 191 266 78 26 156 212 108 379 161 72 350 71 169 251 91 344 200 296 134 256 102 193 365 223 158 134 93 273 23 295 52 54 362 141 365 252 217 229 295 94 149 273 219 
189 247 69 247 214 87 202 291 198 185 249 140 369 165 131 229 34 93 155 95 210 76 224 0 24 110 120 144 188 190 137 108 151 240 141 51 92 79 104 215 72 168 293 75 188 90 169 209 154 280 275 202 238 140 129 176 152 184 189 210 302 214 84 18 116 155 63 156 294 153 161 195 269 288 24 240 182 112 122 121 141 115 158 90 247 217 201 71 276 214 138 197 141 136 177 109 239 282 75 217 205 
165 223 77 271 238 111 205 193 206 161 225 164 315 141 123 354 42 101 163 71 338 100 232 24 0 102 128 152 196 214 161 84 159 264 133 27 100 71 84 191 48 176 301 51 212 114 177 217 178 288 283 226 230 116 105 152 160 192 165 234 310 222 76 42 124 147 71 164 318 161 169 219 277 312 32 264 158 136 130 145 133 91 166 98 255 241 209 63 284 222 130 173 133 160 153 85 263 290 83 241 181 
189 247 179 247 214 87 307 217 308 185 249 140 291 175 21 229 144 341 265 95 100 223 334 110 102 0 230 254 298 190 137 132 261 240 65 113 202 31 104 215 130 278 403 85 188 152 279 319 178 390 385 202 128 140 131 176 262 294 189 210 412 324 178 122 226 105 173 266 294 263 271 207 379 288 134 240 200 112 232 141 43 115 268 200 357 217 311 47 386 324 98 217 107 136 177 109 239 392 185 217 205 
83 190 51 353 320 207 233 111 78 89 143 246 397 59 251 123 114 244 312 185 330 182 104 120 128 230 0 24 68 296 243 98 183 346 261 117 72 199 212 121 100 48 173 145 294 196 77 191 260 160 155 308 358 138 99 70 166 200 87 316 182 94 52 124 48 275 71 36 400 97 219 301 149 394 96 346 76 218 126 227 261 119 208 162 143 323 81 191 156 104 258 91 261 242 113 125 345 162 113 323 115 
107 165 75 329 471 231 209 135 54 113 167 222 373 83 275 147 110 107 221 209 354 158 80 144 152 254 24 0 44 272 255 122 159 322 285 141 52 223 236 145 124 42 149 169 270 172 53 167 236 136 131 284 382 162 123 94 142 176 111 292 158 70 76 132 28 299 81 46 376 73 195 277 125 370 120 322 100 194 102 203 285 143 184 138 119 299 57 215 132 80 282 115 285 218 137 149 321 138 89 299 139 
147 157 119 355 322 343 235 109 72 157 141 258 399 210 319 125 154 133 247 253 485 184 52 192 196 298 68 84 0 298 299 166 185 348 329 185 96 267 280 189 168 20 133 213 296 198 79 193 262 100 109 310 426 206 167 134 168 202 155 318 114 78 120 176 72 343 125 32 402 99 221 303 143 396 164 348 98 220 128 229 329 187 210 164 145 325 65 259 98 106 326 89 329 244 181 193 347 146 115 325 183 
379 437 253 57 24 143 141 407 226 375 752 126 141 355 201 775 182 165 99 285 266 114 246 190 214 190 296 272 370 0 167 298 113 74 197 241 224 171 294 405 262 314 237 265 2 100 219 153 36 224 219 32 294 330 319 366 130 128 379 20 246 220 274 172 248 211 225 318 104 199 105 41 213 98 202 72 372 88 170 69 197 305 102 134 191 99 233 237 220 192 194 387 197 84 367 299 53 226 183 41 395 
326 384 200 162 161 50 308 354 309 322 386 41 154 307 148 366 145 204 266 232 250 185 335 137 161 137 243 255 299 167 0 245 262 103 72 188 203 118 241 352 209 279 404 212 165 153 280 320 179 391 386 135 139 277 266 313 263 295 326 157 413 325 221 123 227 44 174 267 157 264 272 208 380 165 149 103 319 79 233 142 94 252 269 201 358 80 312 184 387 325 39 334 30 83 314 246 220 393 186 126 342 
150 139 47 575 322 195 235 109 176 84 141 264 399 57 153 121 116 133 247 87 232 184 202 108 84 132 98 122 166 298 245 0 185 348 173 57 74 127 114 107 36 146 271 47 296 198 147 193 262 258 253 310 260 40 21 68 168 202 81 318 280 192 46 126 94 213 73 134 402 131 221 303 247 396 96 348 74 220 128 229 163 21 210 164 225 325 179 93 254 192 206 89 215 244 69 27 347 260 115 325 97 
266 324 140 170 188 238 50 294 165 262 326 221 214 468 448 306 117 58 62 216 361 77 133 151 159 261 183 159 185 155 262 185 0 169 292 148 111 230 243 292 149 201 142 176 111 109 106 58 83 129 124 127 389 217 206 253 17 33 266 133 151 107 161 139 135 306 112 205 217 86 36 118 118 211 127 167 259 183 57 120 292 192 25 61 96 194 120 222 125 79 289 274 292 179 254 186 162 131 76 140 282 
429 487 394 69 68 161 215 457 276 425 489 100 51 405 251 469 232 215 264 335 246 164 296 240 264 240 346 322 348 74 103 348 169 0 175 291 274 221 344 455 312 364 311 315 72 150 269 227 86 298 293 42 242 380 369 416 180 202 429 64 320 270 324 222 298 137 275 368 54 249 179 115 287 72 252 2 422 128 220 119 197 355 176 184 265 25 283 287 294 242 142 437 133 104 417 349 127 300 233 33 445 
340 522 210 192 191 54 338 282 594 250 314 75 226 230 76 294 175 234 296 160 71 215 365 141 133 65 261 285 329 197 72 173 292 175 0 144 233 62 169 280 161 309 434 140 195 183 310 350 209 421 416 165 97 205 194 241 293 325 254 187 443 355 209 153 257 40 204 297 229 294 302 238 410 223 165 175 247 109 263 172 22 180 299 231 388 152 342 112 417 355 33 262 42 113 242 174 250 423 216 156 270 
138 196 66 298 265 138 194 255 195 134 198 191 342 114 134 178 94 90 190 68 213 127 221 51 50 113 117 141 185 241 188 57 148 357 144 0 89 82 95 164 21 165 290 28 239 141 166 206 205 277 272 253 241 89 78 125 149 181 138 261 299 211 65 69 113 158 60 153 345 150 164 246 266 339 39 291 131 163 119 172 144 64 155 107 244 268 198 74 273 211 149 146 158 187 126 58 290 279 72 268 154 
155 213 29 281 248 179 161 183 106 281 215 174 325 131 223 195 58 59 173 157 302 110 132 92 185 202 72 52 97 224 203 74 111 274 233 89 0 171 184 181 72 90 201 117 222 124 77 119 188 188 183 236 330 110 95 142 94 128 155 244 210 122 50 80 24 247 29 94 328 61 147 229 177 322 68 274 148 146 54 155 233 91 136 90 155 251 109 163 184 122 230 163 233 170 143 97 273 190 41 251 171 
208 266 196 228 195 131 276 236 414 204 268 121 380 184 52 248 197 172 234 114 131 153 303 91 71 31 199 223 267 171 191 127 230 221 62 82 171 0 123 234 99 247 372 94 169 121 248 288 147 359 354 183 159 159 148 195 231 263 208 191 381 293 147 91 195 86 142 235 275 232 240 176 348 269 103 221 201 93 201 110 62 134 237 169 326 198 280 66 355 293 79 216 88 117 196 128 220 361 154 198 224 
133 143 161 351 318 191 289 181 290 123 145 244 395 157 93 155 126 185 247 27 118 180 316 104 84 104 212 236 280 493 241 137 243 344 169 95 184 123 0 111 112 260 385 67 292 194 261 301 258 372 367 306 146 74 113 146 244 276 125 314 394 306 160 122 208 209 155 248 398 245 253 299 361 392 116 344 182 216 214 225 147 93 250 182 339 321 293 57 368 306 202 199 211 240 99 87 343 374 167 321 101 
42 32 152 462 429 302 342 90 199 32 52 355 506 66 204 64 223 240 354 120 209 291 225 215 191 215 121 145 189 405 352 107 292 455 280 164 181 234 111 0 143 169 294 140 403 305 186 300 369 281 276 417 237 75 86 55 275 309 34 425 303 215 131 233 157 320 180 157 509 206 328 410 270 503 203 455 91 327 235 336 258 100 317 271 252 432 202 168 277 215 313 108 322 351 38 106 454 283 222 432 10 
117 175 49 319 286 159 199 145 178 113 177 212 363 93 151 157 80 97 211 85 230 148 204 72 48 130 100 124 168 446 209 36 149 312 161 21 72 99 112 143 0 148 273 45 260 162 149 189 226 260 255 274 258 68 57 104 132 166 117 282 282 194 48 90 96 177 43 136 366 133 185 267 249 360 60 312 110 184 102 193 161 43 174 128 227 289 181 91 256 194 170 125 179 208 105 37 311 262 79 289 133 
127 137 99 371 338 255 251 151 88 137 125 264 415 139 560 105 134 149 481 233 378 200 68 168 176 441 48 42 20 314 279 146 314 364 309 165 90 247 260 169 148 0 149 193 312 214 95 209 278 116 125 326 406 186 147 114 184 218 135 334 134 94 100 156 66 323 105 12 418 115 237 319 159 412 144 364 78 236 144 245 309 167 226 180 161 341 81 239 114 122 306 73 309 260 161 173 363 162 131 341 163 
252 272 314 242 243 380 102 242 95 418 274 363 266 228 424 254 259 200 138 358 503 219 81 293 301 403 173 149 133 237 404 271 142 311 434 565 201 372 385 294 273 149 0 318 239 251 124 84 225 33 24 269 531 311 272 239 141 109 260 247 33 79 225 281 177 448 230 153 269 140 132 196 24 263 269 309 207 325 171 262 434 292 135 203 46 336 92 364 35 79 431 222 434 321 286 298 214 13 218 278 288 
114 172 94 322 289 162 222 142 441 110 174 215 366 90 106 154 83 205 214 40 185 151 249 75 51 85 145 169 213 265 212 47 176 315 140 28 117 94 67 140 45 196 318 0 263 165 194 234 229 305 300 277 213 65 54 101 177 209 114 285 327 239 93 93 141 180 88 181 369 178 188 270 294 363 63 315 115 187 147 196 118 40 183 131 272 292 226 46 301 239 173 132 182 211 102 34 314 307 100 292 130 
377 435 454 59 26 141 143 405 224 373 504 124 103 353 199 417 180 163 101 283 264 112 244 188 212 188 294 270 296 2 165 296 111 72 253 239 222 169 292 403 260 312 239 263 0 98 217 155 34 226 221 30 292 328 317 364 128 130 377 22 248 218 272 170 246 209 223 316 106 197 107 43 215 100 200 70 370 86 168 67 195 303 104 132 193 97 231 235 222 190 192 385 195 82 365 297 55 228 181 39 393 
279 337 153 157 124 129 155 307 156 275 339 112 201 255 173 319 82 65 216 185 252 32 182 90 114 152 196 221 198 123 153 198 109 150 254 141 124 195 194 305 162 214 251 165 98 0 127 167 64 238 233 112 280 230 219 266 110 142 279 120 260 172 174 72 148 197 125 218 204 111 119 105 227 198 102 150 272 74 80 31 183 205 116 48 205 127 159 137 234 172 180 287 183 70 267 199 149 240 83 127 295 
160 218 100 276 243 256 156 188 29 156 220 239 320 193 300 200 135 78 168 234 379 105 55 169 177 279 77 53 79 219 467 147 106 269 310 180 77 248 261 186 149 95 124 194 217 127 0 114 183 111 106 231 407 187 148 147 89 123 160 239 133 45 101 157 53 324 106 99 323 20 142 224 100 317 145 269 153 201 49 150 310 168 131 85 78 246 32 240 107 45 307 168 310 197 162 174 268 113 94 246 176 
274 332 148 162 159 296 42 302 121 270 334 279 206 250 340 314 175 116 54 274 433 135 141 356 217 359 191 167 193 153 320 193 58 227 350 206 119 288 301 300 189 209 130 234 155 167 114 0 141 93 84 185 447 227 214 261 57 25 274 163 93 115 169 197 143 364 146 213 209 94 48 112 60 203 185 225 267 241 87 178 350 208 51 119 48 252 128 280 95 87 347 282 350 237 262 214 154 73 134 194 290 
343 401 217 94 88 155 129 371 190 339 403 138 137 319 199 383 146 241 87 249 408 154 210 154 178 178 260 236 262 62 179 262 83 86 209 205 188 147 258 369 226 278 408 266 34 64 183 141 0 212 207 48 306 294 283 330 94 116 343 56 234 184 238 136 212 223 189 282 140 163 93 41 201 134 166 86 336 100 134 37 209 269 90 98 179 111 197 201 208 156 206 351 209 96 331 263 85 214 147 63 359 
239 249 211 255 230 671 135 209 82 249 241 350 299 215 411 221 279 187 199 556 490 206 56 280 288 390 160 136 100 224 391 341 176 298 421 277 188 359 372 281 260 116 33 305 226 238 111 112 212 0 9 256 518 298 259 226 128 102 247 234 22 66 212 268 164 435 217 124 302 127 121 203 43 296 256 296 190 312 158 249 421 279 122 190 45 323 79 351 4 66 418 189 421 308 273 285 247 46 205 265 275 
234 248 206 246 225 362 127 218 77 244 250 345 290 210 406 230 241 182 138 340 485 201 57 275 283 385 155 131 109 219 386 253 124 293 416 272 183 354 367 276 255 125 24 300 221 233 106 84 207 9 0 251 513 293 254 221 123 93 242 229 27 61 207 263 159 430 212 129 293 122 114 194 34 287 251 291 185 307 153 244 416 274 117 185 36 318 74 346 11 61 413 198 416 303 268 280 238 37 200 260 270 
391 449 265 53 26 115 173 419 238 387 451 184 89 367 213 431 194 177 131 297 234 126 258 208 226 202 308 284 310 32 135 310 127 42 165 253 236 183 306 417 274 326 269 404 30 112 231 185 48 256 251 0 262 342 331 378 142 160 391 22 278 232 286 184 260 179 237 330 92 211 137 73 245 86 214 40 384 90 182 81 165 317 134 146 223 67 245 249 252 204 162 399 165 66 379 311 85 258 195 15 407 
279 269 307 289 288 218 435 327 436 269 289 168 445 517 107 301 272 331 393 173 28 467 462 416 230 128 607 382 426 294 139 260 389 242 97 348 330 159 146 237 258 406 531 234 292 280 407 447 306 518 513 262 0 220 259 292 390 422 271 284 540 452 306 250 354 107 301 394 296 391 399 335 507 292 262 242 328 206 360 269 97 239 396 328 485 219 439 167 514 452 100 345 109 210 245 233 347 520 313 253 243 
59 107 157 387 354 227 267 107 216 94 109 444 431 83 129 109 148 165 279 47 192 216 242 140 175 164 138 207 206 330 277 41 217 380 205 89 110 159 74 75 68 186 311 65 328 230 187 227 294 298 293 342 220 0 39 72 200 234 51 350 320 232 86 158 134 245 105 174 434 171 253 335 287 428 128 380 108 252 160 261 183 25 242 196 265 357 219 93 294 232 238 125 247 276 37 31 379 300 147 357 65 
60 118 66 376 343 216 256 88 177 56 120 269 420 44 231 100 137 154 268 86 231 205 203 129 105 131 99 123 167 319 266 21 324 369 194 89 95 148 113 86 57 147 272 54 317 219 148 214 283 259 254 331 259 39 0 47 189 223 60 339 281 193 47 147 95 234 94 135 423 132 242 324 248 417 117 369 69 241 149 250 172 20 231 185 226 346 180 92 255 193 227 86 236 265 48 26 368 261 136 346 76 
13 71 113 423 390 263 303 41 144 23 73 316 608 11 185 53 184 201 315 119 264 252 170 176 152 176 70 172 182 366 313 68 253 416 241 125 142 195 288 55 104 114 394 101 364 266 147 261 642 226 221 378 292 72 58 0 236 270 21 386 248 160 92 194 118 281 141 102 470 167 289 371 215 464 164 416 36 288 196 297 219 61 278 232 213 393 147 129 222 174 274 53 283 312 47 67 415 228 183 393 49 
249 307 123 187 154 239 67 277 96 245 309 222 231 225 283 289 118 59 79 217 362 78 116 152 160 262 166 142 168 130 263 168 17 180 293 149 94 231 244 275 132 184 141 247 128 110 89 80 94 128 214 142 390 200 189 236 0 34 249 150 150 90 144 140 118 307 95 188 234 69 53 135 117 228 128 180 242 184 40 121 293 175 42 62 95 195 103 223 124 62 290 257 293 180 237 169 179 130 77 157 265 
283 341 157 153 185 271 33 311 130 279 343 254 197 259 315 323 150 91 45 249 394 110 150 184 192 294 200 176 202 221 295 202 45 202 325 181 128 263 276 309 166 218 109 209 130 142 123 25 116 102 93 160 422 234 223 438 34 0 283 138 118 124 178 172 152 339 129 222 200 103 23 101 85 194 160 200 276 216 74 153 325 209 26 94 63 227 137 255 104 96 322 291 325 212 271 203 145 98 109 169 299 
8 58 207 467 403 276 316 56 165 4 60 329 480 32 302 40 197 214 328 98 243 265 209 346 165 189 87 111 155 379 326 81 266 429 254 138 155 208 125 34 117 135 260 114 377 279 160 274 343 247 242 391 271 51 60 21 249 283 0 399 269 181 105 207 131 294 154 123 483 180 302 384 236 477 177 429 57 301 209 310 232 74 291 245 226 406 168 142 243 187 287 74 296 325 26 80 428 249 196 406 28 
399 457 273 37 4 133 151 427 246 395 459 116 81 375 370 532 202 185 109 305 256 134 266 210 234 210 316 292 318 20 157 318 170 64 187 261 244 191 314 612 426 334 302 285 22 120 239 163 56 234 229 23 284 510 339 386 150 138 399 0 256 240 294 192 268 201 245 338 84 219 115 51 223 78 222 62 392 98 190 89 187 325 112 154 201 89 253 257 230 212 184 407 187 74 387 319 63 236 203 31 415 
261 271 233 255 252 389 146 213 104 271 251 372 299 237 433 239 268 209 147 367 512 228 155 302 310 412 251 158 114 474 413 280 151 320 587 299 210 381 394 303 282 134 33 327 434 260 133 93 234 22 27 360 540 320 281 248 150 118 407 256 0 88 234 290 186 457 239 146 302 149 141 205 43 296 278 318 212 334 180 271 443 301 144 212 55 345 101 373 26 88 440 195 443 330 295 307 247 46 227 287 297 
173 217 145 277 407 301 157 187 16 183 219 284 321 149 345 199 180 121 169 281 424 140 26 345 222 324 94 106 78 220 325 192 107 270 355 211 122 293 306 215 194 94 79 239 218 215 45 115 184 118 107 232 452 397 193 160 90 124 181 240 88 0 146 202 98 369 151 98 324 61 143 225 65 318 190 270 152 246 92 183 355 213 132 124 67 257 13 285 62 28 352 167 355 242 207 219 269 68 139 247 209 
105 163 21 331 298 171 211 133 256 101 165 224 375 81 199 145 92 109 223 133 278 160 156 108 76 178 52 76 120 274 221 46 161 324 209 65 50 147 160 131 48 100 225 93 272 174 101 169 309 212 207 286 306 86 47 92 144 178 105 294 234 146 0 102 48 223 49 88 378 85 197 279 201 372 72 324 98 196 104 205 209 67 186 140 179 301 133 139 208 146 206 113 209 220 93 73 323 214 91 301 121 
385 265 81 229 196 99 185 235 186 203 267 122 273 183 262 247 22 81 143 113 222 62 212 18 42 122 124 132 176 172 123 126 139 222 153 69 147 112 122 233 90 207 281 93 170 72 157 197 136 268 263 184 250 158 147 194 140 172 207 192 290 202 102 0 104 167 53 146 276 141 149 177 257 270 30 222 200 94 110 103 153 133 146 78 235 199 189 83 264 202 150 215 153 118 195 127 221 270 63 199 223 
131 354 47 305 272 203 265 159 82 127 191 198 349 107 247 171 82 83 197 198 326 134 108 116 124 226 52 28 72 248 227 94 135 592 257 113 24 195 208 157 96 66 177 141 246 148 53 143 212 164 159 260 354 134 95 118 174 152 131 268 186 98 48 104 0 271 53 70 352 49 171 253 153 346 92 298 124 170 78 179 257 115 160 114 131 275 85 187 160 98 254 139 257 194 119 121 297 166 65 275 147 
294 352 224 305 205 68 352 322 353 290 354 85 186 270 116 334 189 248 310 200 111 229 379 155 226 105 275 299 343 211 44 213 306 137 40 158 247 86 209 320 177 323 448 180 209 197 324 364 223 435 430 179 107 245 234 281 307 339 294 201 457 369 269 167 498 0 218 311 189 308 316 252 424 209 179 139 287 123 277 186 62 220 313 245 402 112 356 152 431 369 17 302 14 127 282 214 264 437 230 170 310 
154 212 28 282 249 150 162 182 240 150 369 175 326 215 194 194 43 60 174 128 273 111 306 63 71 173 71 81 125 225 174 73 112 275 204 60 29 230 267 180 59 105 230 88 223 125 106 193 189 217 212 237 301 188 94 141 95 153 154 245 239 151 49 53 53 218 0 93 329 90 148 230 206 323 39 275 147 147 59 156 204 80 137 91 184 252 138 134 213 151 201 162 204 171 142 74 274 219 42 252 170 
115 150 87 375 342 243 255 168 92 125 121 268 419 91 287 101 136 264 329 221 366 204 72 156 164 266 36 46 32 318 267 134 205 368 459 153 94 235 248 157 136 12 257 181 316 218 99 313 282 124 129 330 743 174 135 102 188 222 123 338 146 98 88 146 70 311 93 0 422 119 241 323 163 416 132 368 66 240 148 249 297 155 230 184 165 345 85 227 120 126 294 69 297 264 149 161 367 166 135 345 151 
483 541 357 47 80 207 171 511 330 479 689 293 5 639 305 523 416 269 155 389 300 236 350 294 318 462 400 744 402 104 157 402 217 54 229 345 328 468 398 509 366 418 269 369 106 204 548 209 140 302 293 92 296 434 423 470 234 200 483 84 302 324 378 276 352 189 329 422 0 303 181 99 259 28 306 54 476 182 274 173 251 409 192 238 257 77 337 341 304 296 196 491 187 158 471 403 83 256 287 77 499 
180 238 84 256 255 240 136 208 45 176 240 223 550 156 402 220 119 60 148 218 363 85 71 153 161 318 97 73 99 199 320 131 86 249 294 150 83 232 245 206 133 115 140 178 197 111 20 94 163 241 122 211 391 171 132 167 69 103 180 219 149 61 85 141 49 308 90 119 303 0 122 204 116 297 129 249 173 185 31 130 294 152 111 65 94 226 48 224 123 61 291 188 294 181 168 158 248 129 78 226 196 
302 649 237 134 111 248 36 330 149 298 362 231 178 278 292 342 127 157 26 226 371 87 169 161 219 271 219 195 221 150 272 221 36 179 467 164 171 240 253 337 185 237 132 188 107 119 142 48 93 121 114 137 596 253 242 289 53 23 302 115 141 143 197 149 171 316 148 241 181 122 0 82 108 175 137 177 295 193 93 130 302 228 11 71 86 204 156 232 123 115 299 310 302 189 290 222 126 121 106 146 318 
384 442 258 52 47 184 100 412 364 380 444 167 96 360 228 424 187 170 58 514 307 119 251 195 219 330 301 277 303 41 208 303 118 165 364 246 229 176 299 410 267 319 315 270 43 167 224 112 74 203 194 73 335 335 324 371 135 101 384 51 205 225 279 177 398 252 230 323 99 204 82 0 172 93 207 113 377 129 175 74 238 310 93 139 158 140 238 242 205 197 235 392 238 125 372 304 44 185 188 82 400 
228 513 200 428 219 356 92 252 71 238 284 339 346 204 400 264 235 176 114 334 479 195 91 269 277 379 149 125 143 213 380 247 118 287 497 505 177 348 361 270 249 159 24 294 215 227 100 60 201 43 34 245 507 480 248 215 117 85 236 223 43 65 201 321 153 424 206 163 259 202 108 172 0 253 245 285 217 301 147 238 410 268 111 179 22 312 78 340 45 55 407 232 410 297 262 274 204 13 194 254 264 
477 535 351 41 74 201 161 505 324 473 537 148 23 676 299 517 280 263 149 383 294 212 344 288 312 288 486 370 396 98 165 396 211 72 223 339 523 269 392 503 360 412 263 363 100 198 317 203 134 296 287 86 292 428 417 464 228 194 477 78 296 519 372 270 346 209 323 416 28 426 175 93 253 0 300 70 470 176 268 167 245 403 186 232 251 97 331 335 298 290 192 485 195 152 465 397 55 250 281 71 493 
301 235 51 259 226 168 173 205 174 173 237 152 546 153 155 217 20 69 151 89 234 88 200 47 32 134 96 120 164 202 149 96 208 252 165 58 68 184 135 203 60 263 269 63 200 102 145 185 166 256 251 214 262 128 205 164 128 160 177 222 278 190 72 30 92 179 71 132 306 129 137 349 245 300 0 252 170 124 98 133 165 103 134 68 223 229 177 95 252 190 162 185 165 148 165 97 251 258 51 229 193 
429 487 303 67 66 153 213 457 276 542 561 100 51 405 251 469 232 215 171 335 246 164 296 378 264 240 346 322 348 72 176 552 167 2 175 291 274 221 344 455 312 364 309 315 70 150 269 225 86 296 291 40 242 380 369 416 180 200 429 62 318 270 324 222 298 139 275 368 54 249 177 113 285 70 460 0 422 128 220 119 197 355 174 184 263 27 283 287 292 242 142 437 133 104 417 349 125 298 233 31 445 
49 65 119 429 482 269 309 35 146 59 67 322 473 49 221 47 190 209 321 155 300 258 143 182 158 200 76 100 98 372 319 74 259 422 247 131 148 201 303 91 110 78 207 115 370 272 153 267 642 190 185 384 328 108 69 63 242 276 57 620 212 152 98 200 124 287 147 85 861 173 532 377 217 470 170 422 0 294 202 303 231 89 284 238 219 399 139 161 186 180 280 17 289 318 83 95 421 220 189 399 85 
301 359 261 135 102 55 229 329 230 297 361 38 179 277 123 341 104 125 187 207 178 106 256 112 136 112 218 194 220 88 79 361 183 128 109 163 146 93 422 327 184 236 366 187 86 74 201 241 100 312 307 90 206 252 241 288 184 216 301 98 334 246 196 94 170 123 147 240 182 185 193 129 301 176 124 128 294 0 154 63 109 227 190 122 279 105 233 159 308 246 106 309 109 24 289 221 141 314 107 105 317 
209 267 83 295 194 209 107 237 76 205 269 192 271 185 253 249 88 29 119 187 332 108 102 122 130 232 126 102 128 170 233 128 57 220 263 119 54 201 214 235 102 144 171 147 168 80 49 87 185 315 153 182 360 160 149 196 40 74 209 190 180 92 104 110 78 277 59 227 381 31 93 175 147 268 98 220 202 154 0 101 263 135 82 36 125 197 79 193 154 92 260 217 263 150 197 129 219 160 47 197 225 
310 368 184 126 93 118 166 586 167 306 370 101 170 519 162 350 206 96 124 216 241 45 193 121 145 141 227 203 229 69 167 229 120 119 172 172 155 110 225 336 193 245 326 196 67 31 150 178 37 249 244 81 312 261 250 297 121 153 310 89 271 183 205 103 179 205 156 249 173 130 130 74 238 167 133 119 303 63 101 0 172 236 127 65 216 96 170 168 245 183 169 318 172 59 298 230 118 251 114 96 326 
232 290 210 204 191 54 338 260 339 228 292 97 248 208 54 272 175 234 296 138 69 215 365 141 133 43 261 285 329 197 94 163 292 197 22 144 233 62 147 258 161 309 434 154 195 183 310 477 341 421 416 165 136 183 172 219 293 325 232 187 443 355 209 153 257 62 204 297 251 509 302 238 410 245 165 197 231 109 328 172 0 158 299 231 388 174 342 90 417 355 55 248 64 113 220 152 250 423 216 174 248 
74 132 68 362 329 202 242 102 197 70 134 255 406 64 132 114 123 205 254 66 211 301 223 115 91 115 119 143 187 305 252 21 300 355 180 64 91 134 93 106 43 167 292 40 303 205 168 208 269 279 274 317 239 25 20 61 175 409 74 325 301 300 67 133 115 220 80 155 409 152 228 310 268 403 167 355 163 227 135 236 158 0 217 171 246 332 200 72 275 213 213 106 222 251 62 6 354 281 122 332 90 
291 349 165 145 112 245 39 319 138 287 351 228 189 267 289 331 124 77 37 223 368 84 158 158 166 268 208 184 210 102 269 210 25 176 299 155 136 457 250 317 174 409 135 183 104 116 131 51 90 122 117 134 396 242 231 278 42 26 291 112 144 132 186 146 160 313 137 230 192 111 11 93 111 305 253 174 284 190 101 127 299 217 0 68 89 201 145 229 118 104 296 299 299 186 279 211 137 124 95 143 307 
245 303 119 191 158 177 127 273 108 241 305 202 235 221 221 285 56 31 83 155 596 20 134 90 98 200 162 138 164 134 201 164 61 184 231 107 90 169 182 271 128 180 203 131 132 48 85 119 98 190 185 146 328 196 223 232 62 94 245 154 212 124 140 78 114 245 91 184 365 65 71 139 179 232 68 187 238 122 36 65 231 171 68 0 157 161 111 161 186 124 228 253 231 118 233 165 183 192 49 161 261 
226 284 178 210 197 659 90 441 73 222 286 317 254 202 378 266 213 154 102 312 457 173 93 247 255 357 143 119 145 191 414 240 96 265 623 244 155 326 339 252 227 161 46 272 193 205 78 48 179 45 36 223 485 265 226 213 95 63 226 201 55 67 179 235 131 402 184 165 257 94 86 158 22 402 223 263 219 406 125 216 388 246 89 157 0 290 80 318 47 39 385 234 388 275 240 252 202 35 172 232 242 
406 464 280 94 93 130 240 434 253 402 523 77 74 382 283 446 209 192 198 430 441 141 273 217 241 217 323 299 325 99 80 325 194 29 152 268 251 198 321 432 289 341 450 292 97 127 246 455 111 585 318 67 219 357 346 393 195 227 704 89 386 257 301 319 275 112 252 345 77 226 204 140 312 97 229 27 399 105 197 96 174 340 201 161 290 0 260 264 319 257 119 414 110 81 394 326 152 325 210 58 422 
160 204 132 290 257 288 170 174 7 170 206 271 565 136 332 186 167 108 182 354 411 193 23 341 209 311 81 57 65 233 312 179 120 283 342 198 109 280 293 202 181 81 92 226 231 159 32 128 355 79 74 245 439 219 180 147 103 137 168 253 101 13 133 189 85 356 138 85 449 48 156 238 78 331 321 283 139 233 125 170 342 200 145 111 80 260 0 272 75 41 339 154 342 229 194 206 282 81 126 260 196 
142 200 140 294 261 134 268 283 269 138 202 187 338 136 60 182 105 164 226 48 139 145 295 71 63 48 191 215 357 237 184 93 222 287 112 74 163 66 57 276 91 239 364 46 235 137 240 280 201 351 346 249 167 93 92 129 223 255 142 257 373 285 139 83 187 152 134 227 341 224 232 242 340 335 95 287 161 159 193 168 90 72 229 161 318 420 272 0 347 285 145 178 154 183 130 66 286 353 146 264 158 
235 245 207 321 226 363 137 207 78 435 239 346 301 211 407 219 242 183 149 341 486 202 52 276 284 386 156 132 98 220 387 254 125 542 417 273 184 355 368 277 256 114 35 591 222 234 107 95 208 4 11 252 514 294 255 260 124 104 243 230 26 62 208 264 160 431 213 120 304 123 123 205 45 298 252 292 368 308 154 245 417 275 118 186 47 319 75 347 0 62 414 187 417 304 269 281 249 48 201 261 271 
187 245 145 249 216 301 129 215 34 183 247 284 293 163 345 227 180 121 141 440 424 140 54 214 222 324 104 97 119 303 325 192 79 242 355 211 122 293 306 215 194 170 132 239 190 172 45 87 156 66 61 204 795 232 193 174 62 96 187 212 88 28 146 202 98 592 151 135 391 61 115 197 55 290 190 382 180 246 92 183 355 213 104 124 39 257 41 285 62 0 352 195 355 242 207 219 241 68 139 219 209 
287 345 207 189 188 51 335 315 336 283 627 68 193 263 156 327 172 231 293 193 104 212 362 138 130 98 258 282 326 194 39 206 289 142 33 149 230 79 202 313 233 306 431 173 192 180 307 347 206 418 413 162 195 238 227 274 290 322 287 184 440 352 206 150 322 17 201 294 196 291 299 235 407 192 162 212 280 106 260 331 55 213 296 228 385 119 339 145 414 488 0 295 9 110 275 207 247 420 213 153 303 
66 131 201 679 411 284 592 20 161 76 56 337 488 42 238 44 205 222 336 172 317 273 141 197 173 217 91 115 89 387 334 89 274 437 262 146 163 216 199 108 125 125 222 132 385 287 168 282 351 189 198 399 345 125 86 53 257 291 74 407 195 167 113 215 139 302 162 69 491 300 310 392 400 485 185 437 18 309 217 318 248 106 299 253 234 414 154 262 187 195 295 0 304 333 100 112 436 235 204 414 102 
296 354 210 192 191 54 338 432 339 292 356 101 184 272 118 413 236 234 296 202 113 215 365 141 133 107 261 285 329 197 30 215 292 133 42 158 233 136 211 322 179 309 434 182 195 183 310 350 320 421 416 165 109 247 236 283 293 325 500 187 443 355 209 153 257 14 204 297 187 294 302 238 410 195 165 133 289 109 263 172 64 222 299 231 388 110 461 154 417 355 9 304 0 113 284 216 250 423 216 156 312 
325 383 199 111 78 59 225 353 226 580 385 42 155 584 147 365 181 121 183 231 182 102 252 136 296 136 242 218 311 84 83 244 179 104 113 187 170 117 240 351 208 260 321 211 82 70 197 237 96 308 303 66 210 276 265 312 180 298 325 74 330 242 220 118 194 127 171 264 158 181 189 125 297 222 148 169 318 24 150 59 113 251 186 149 275 81 229 183 304 242 110 333 113 0 313 245 137 310 129 81 341 
34 70 197 591 391 264 304 82 191 24 72 317 468 58 166 56 243 202 316 82 217 253 217 190 153 177 113 137 181 367 314 69 254 417 242 126 234 196 99 38 105 298 286 102 365 267 162 356 331 360 268 379 245 37 48 47 237 271 26 387 295 218 93 195 119 282 142 149 471 168 391 372 262 465 165 417 83 289 197 298 220 62 293 233 240 394 277 130 269 207 275 100 284 313 0 68 416 275 184 394 28 
80 138 83 356 323 196 236 195 203 76 140 249 400 70 126 138 117 134 248 110 205 185 229 109 85 109 125 149 193 299 246 27 186 349 174 58 97 128 87 106 41 173 298 34 297 199 174 423 263 285 280 311 233 31 26 67 245 203 80 319 307 219 73 127 121 214 125 161 403 158 222 304 274 397 97 349 95 221 129 230 152 6 387 165 252 326 206 66 281 219 207 112 216 339 68 0 348 287 116 326 96 
428 486 302 58 59 196 112 456 275 424 488 179 78 404 449 892 231 214 100 334 319 163 295 310 263 323 345 321 347 53 220 347 162 127 250 410 273 220 343 454 311 363 214 314 83 149 268 281 85 247 238 85 347 379 368 415 179 145 428 63 247 269 323 221 297 443 504 367 83 248 126 44 204 55 251 155 421 141 219 118 250 487 137 334 202 152 282 286 249 241 247 779 250 137 416 348 0 201 232 94 444 
241 285 213 231 232 369 89 255 121 251 287 352 253 217 413 267 248 189 208 347 492 208 94 282 290 392 162 138 146 226 393 260 131 300 423 279 190 361 374 283 262 162 13 307 228 240 113 73 214 46 37 258 520 300 261 228 130 98 249 236 46 68 214 308 166 437 219 166 256 129 121 185 13 250 258 298 220 509 160 251 637 281 124 192 35 325 81 353 48 68 420 235 423 310 275 287 201 0 207 267 277 
196 254 70 240 207 162 122 224 123 192 256 145 495 172 206 236 41 18 132 140 285 69 149 75 83 324 113 89 115 253 186 115 139 233 216 72 41 154 167 222 79 131 218 100 181 83 94 134 147 205 200 195 313 147 136 183 77 109 196 203 227 139 91 63 65 230 42 135 287 78 106 188 194 281 51 233 189 107 47 114 216 236 95 49 172 210 126 146 201 139 213 204 216 129 184 116 232 207 0 210 212 
406 464 280 36 35 130 182 434 253 402 466 85 74 382 228 446 209 192 242 312 225 141 273 217 241 217 323 299 325 41 126 325 140 33 156 268 251 198 321 432 536 341 293 292 59 127 246 194 63 265 260 15 253 357 346 393 157 169 406 31 287 247 301 199 275 170 252 345 77 297 146 121 254 71 229 31 399 105 197 96 174 332 143 161 232 58 260 264 261 219 153 414 156 81 394 326 94 267 210 0 422 
36 42 142 452 419 292 332 84 193 26 66 345 496 60 194 58 213 252 344 125 215 281 219 205 181 205 115 139 183 395 342 97 282 445 270 154 171 224 101 10 133 314 288 130 393 295 244 290 359 275 270 407 243 65 76 49 265 299 28 415 297 209 121 223 147 310 170 151 499 196 318 400 264 493 193 445 85 317 225 326 248 112 307 334 409 422 196 158 271 209 303 102 332 341 28 96 444 277 212 422 0 